Best Model : (40, 15)
RMSE : 15.2638256177
*************************
Best Model : (10, 5)
RMSE : 15.3610240855
*************************
Best Model : (14, 5)
RMSE : 15.2936082861
*************************
Best Model : (16, 5)
RMSE : 15.2749171347
*************************
(10, 5)
15.1147533723
15.3610240855
----------------
(12, 5)
15.056894731
15.2905203894
----------------
(14, 5)
15.0227329475
15.2936082861
----------------
(16, 5)
15.1677654622
15.2749171347
----------------
(18, 5)
15.0516185155
15.3142075171
----------------
(20, 5)
15.3230973999
15.4087086863
----------------
(20, 10)
15.0459495246
15.3531933424
----------------
(22, 5)
15.0716319381
15.3794097015
----------------
(22, 10)
15.1803414117
15.5253813576
----------------
(24, 5)
15.2581071501
15.6986269134
----------------
(24, 10)
15.0694037695
15.356632175
----------------
(26, 5)
15.0591517094
15.4244643422
----------------
(26, 10)
15.1627616611
15.3404733895
----------------
(28, 5)
15.2209699943
15.5112612642
----------------
(28, 10)
15.2066709755
15.5112851309
----------------
(30, 5)
15.0226302438
15.258398902
----------------
(30, 10)
15.0340106168
15.9822915948
----------------
(30, 15)
15.1122812494
15.3008242652
----------------
(35, 5)
15.0475762772
15.4815449727
----------------
(35, 10)
15.1507164107
15.3253301878
----------------
(35, 15)
15.1221951411
15.3236124175
----------------
(40, 5)
15.2244871161
15.3338477945
----------------
(40, 10)
15.2363043731
15.3340446745
----------------
(40, 15)
15.084692217
15.2638256177
----------------
(40, 20)
15.2788260636
15.4043237084
----------------
(60, 5)
15.207801655
15.5535979525
----------------
(60, 10)
15.2225254416
15.5231188821
----------------
(60, 15)
15.0877305703
15.3331088825
----------------
(60, 20)
15.077165225
15.3726695616
----------------
(60, 30)
15.0703254639
15.4613036907
----------------
(85, 5)
15.1654171215
15.4696597119
----------------
(85, 10)
15.0546186961
15.3633868405
----------------
(85, 15)
15.1936489633
15.374476864
----------------
(85, 20)
15.3235895687
15.4750641235
----------------
(85, 30)
15.2257781397
15.3432287581
----------------
(100, 5)
15.0657946354
15.3699672616
----------------
(100, 10)
15.1406676072
15.4507355423
----------------
(100, 15)
15.2775919833
15.4050543942
----------------
